NOTE: Units are cm (in the final.mac ansys
file they are in mm)

1    (0,		1.565,		0)
2    (0,		0.699889277,	1.399778554)
3    (1.331268515,	0.699889277,	0.432555362)
4    (0.82276919,	0.699889277,	-1.132444638)
5    (-0.82276919,	0.699889277,	-1.132444638)
6    (-1.331268515,	0.699889277,	0.432555362)
7    (0.82276919,	-0.699889277,	1.132444638)
8    (1.331268515,	-0.699889277,	-0.432555362)
9    (1.71494E-16,	-0.699889277,	-1.399778554)
10   (-1.331268515,	-0.699889277,	-0.432555362)
11   (-0.82276919,	-0.699889277,	1.132444638)
